DATE,Yield,FedFundsRate,inflation,employment,other,AY,CAY
2018-02-13,2.83,1.42,0.143,0.143,0.714,,0.06812500000000007
2018-02-22,2.92,1.42,0.083,0.333,0.583,,-0.04975609756097564
2018-02-26,2.86,1.42,0.273,0.273,0.455,,0.021777777777777806
2018-02-26,2.86,1.42,0.273,0.273,0.455,,0.021777777777777806
2018-02-26,2.86,1.42,0.0,0.077,0.923,,0.021777777777777806
2018-02-26,2.86,1.42,0.0,0.077,0.923,,0.021777777777777806
2018-03-05,2.88,1.42,0.0,0.0,1.0,,-0.008076923076923075
2018-03-06,2.88,1.42,0.25,0.312,0.438,,0.002075471698113439
2018-03-26,2.85,1.68,0.0,0.5,0.5,,-0.07527027027027056
2018-04-03,2.79,1.69,0.0,0.1,0.9,,-0.004390243902439023
2018-04-06,2.77,1.69,0.231,0.231,0.538,,-0.003764705882352939
2018-04-17,2.82,1.69,0.1,0.3,0.6,,0.0467708333333336
2018-04-19,2.92,1.69,0.067,0.067,0.867,,0.03673469387755106
2018-05-04,2.95,1.7,0.167,0.167,0.667,,-0.004778761061946903
2018-05-15,3.08,1.7,0.0,0.0,1.0,,0.006033057851239456
2018-05-16,3.09,1.7,0.0,0.286,0.714,,0.016033057851239686
2018-05-18,3.06,1.7,0.0,0.0,1.0,,-0.003966942148760331
2018-05-25,2.93,1.7,0.267,0.267,0.467,,-0.004380165289256201
2018-05-31,2.83,1.7,0.333,0.083,0.583,,0.05652892561983477
2018-06-20,2.93,1.92,0.2,0.333,0.467,,-0.030826446280991984
2018-06-27,2.83,1.91,0.0,0.0,1.0,,0.009504132231404745
2018-07-18,2.88,1.91,0.0,0.154,0.846,,-0.039333333333333366
2018-07-19,2.84,1.91,0.333,0.0,0.667,,0.0503333333333336
2018-08-24,2.82,1.92,0.111,0.0,0.889,,-0.0005000000000000004
2018-09-12,2.97,1.92,0.167,0.333,0.5,,0.0007500000000000025
2018-09-27,3.06,2.18,0.4,0.2,0.4,,-0.0094166666666669
2018-10-02,3.05,2.18,0.143,0.143,0.714,,0.09883333333333343
2018-10-03,3.15,2.18,0.0,0.5,0.5,,0.03883333333333337
2018-10-04,3.19,2.18,0.0,0.417,0.583,,0.038750000000000034
2018-10-15,3.16,2.18,0.0,0.5,0.5,,-0.0024999999999999983
2018-10-17,3.19,2.19,0.0,0.0,1.0,,-0.022500000000000017
2018-10-18,3.17,2.19,0.118,0.235,0.647,,0.02750000000000025
2018-10-25,3.14,2.2,0.0,0.304,0.696,,-0.06191666666666672
2018-11-09,3.19,2.19,0.0,0.455,0.545,,-0.0020833333333333333
2018-11-13,3.14,2.2,0.0,0.0,1.0,,-0.023333333333333355
2018-11-16,3.08,2.2,0.167,0.083,0.75,,-0.0030000000000000027
2018-11-27,3.06,2.2,0.167,0.333,0.5,,-0.0015833333333333329
2018-11-28,3.06,2.2,0.0,0.0,1.0,,-0.03158333333333358
2018-12-03,2.98,2.19,0.0,0.4,0.6,,-0.07174999999999984
2018-12-03,2.98,2.19,0.0,0.4,0.6,,-0.07174999999999984
2018-12-03,2.98,2.19,0.0,0.4,0.6,,-0.07174999999999984
2018-12-03,2.98,2.19,0.0,0.273,0.727,,-0.07174999999999984
2018-12-03,2.98,2.19,0.0,0.273,0.727,,-0.07174999999999984
2018-12-03,2.98,2.19,0.0,0.273,0.727,,-0.07174999999999984
2018-12-03,2.98,2.19,0.0,0.0,1.0,,-0.07174999999999984
2018-12-03,2.98,2.19,0.0,0.0,1.0,,-0.07174999999999984
2018-12-03,2.98,2.19,0.0,0.0,1.0,,-0.07174999999999984
2018-12-05,2.91,2.2,0.2,0.4,0.4,,-0.040750000000000036
2018-12-06,2.87,2.2,0.0,0.273,0.727,,-0.020916666666666684
2018-12-07,2.85,2.19,0.0,0.0,1.0,,-0.0006666666666666673
2019-01-09,2.74,2.4,0.0,0.0,1.0,,0.0011475409836065548
2019-02-01,2.7,2.4,0.0,0.2,0.8,,0.0027868852459016383
2019-02-06,2.7,2.4,0.083,0.417,0.5,,-0.04524590163934453
2019-02-06,2.7,2.4,0.083,0.417,0.5,,-0.04524590163934453
2019-02-06,2.7,2.4,0.143,0.286,0.571,,-0.04524590163934453
2019-02-06,2.7,2.4,0.143,0.286,0.571,,-0.04524590163934453
2019-02-10,2.63,2.4,0.0,0.409,0.591,,0.02426229508196723
2019-02-11,2.65,2.4,0.154,0.231,0.615,,0.034016393442623194
2019-02-12,2.68,2.4,0.0,0.444,0.556,,0.03434426229508177
2019-02-22,2.65,2.4,0.2,0.3,0.5,,0.007804878048780488
2019-02-22,2.65,2.4,0.2,0.3,0.5,,0.007804878048780488
2019-02-22,2.65,2.4,0.8,0.2,0.0,,0.007804878048780488
2019-02-22,2.65,2.4,0.8,0.2,0.0,,0.007804878048780488
2019-02-28,2.73,2.4,0.19,0.19,0.619,,0.03878048780487786
2019-02-28,2.73,2.4,0.19,0.19,0.619,,0.03878048780487786
2019-02-28,2.73,2.4,0.2,0.3,0.5,,0.03878048780487786
2019-02-28,2.73,2.4,0.2,0.3,0.5,,0.03878048780487786
2019-03-07,2.64,2.4,0.25,0.25,0.5,,-0.01669354838709679
2019-03-11,2.64,2.4,0.0,0.4,0.6,,-0.026960000000000248
2019-03-12,2.61,2.4,0.0,0.0,1.0,,0.003680000000000003
2019-03-25,2.43,2.4,0.083,0.167,0.75,,-0.015840000000000017
2019-03-28,2.39,2.41,0.1,0.4,0.5,,0.03152000000000002
2019-03-28,2.39,2.41,0.1,0.4,0.5,,0.03152000000000002
2019-03-28,2.39,2.41,0.1,0.4,0.5,,0.03152000000000002
2019-03-28,2.39,2.41,0.125,0.0,0.875,,0.03152000000000002
2019-03-28,2.39,2.41,0.125,0.0,0.875,,0.03152000000000002
2019-03-28,2.39,2.41,0.125,0.0,0.875,,0.03152000000000002
2019-03-28,2.39,2.41,0.333,0.333,0.333,,0.03152000000000002
2019-03-28,2.39,2.41,0.333,0.333,0.333,,0.03152000000000002
2019-03-28,2.39,2.41,0.333,0.333,0.333,,0.03152000000000002
2019-03-29,2.41,2.43,0.0,0.2,0.8,,0.0036000000000000016
2019-04-02,2.48,2.41,0.0,0.3,0.7,,0.04488000000000003
2019-04-09,2.51,2.41,0.0,0.0,1.0,,-0.02527559055118091
2019-04-10,2.48,2.41,0.167,0.0,0.833,,0.0394488188976376
2019-04-11,2.51,2.41,0.278,0.222,0.5,,0.05818897637795302
2019-04-11,2.51,2.41,0.278,0.222,0.5,,0.05818897637795302
2019-04-11,2.51,2.41,0.2,0.2,0.6,,0.05818897637795302
2019-04-11,2.51,2.41,0.2,0.2,0.6,,0.05818897637795302
2019-05-03,2.54,2.4,0.182,0.182,0.636,,0.0013492063492063521
2019-05-08,2.49,2.39,0.294,0.176,0.529,,-0.038333333333333365
2019-05-09,2.45,2.38,0.0,0.5,0.5,,0.021428571428571446
2019-05-10,2.47,2.38,0.308,0.154,0.538,,0.0014285714285714299
2019-05-13,2.4,2.38,0.25,0.25,0.5,,0.020158730158730178
2019-05-16,2.4,2.39,0.143,0.143,0.714,,-0.008730158730158515
2019-05-17,2.39,2.39,0.143,0.286,0.571,,0.001984126984126984
2019-05-20,2.41,2.39,0.188,0.25,0.562,,0.024285714285714306
2019-05-20,2.41,2.39,0.188,0.25,0.562,,0.024285714285714306
2019-05-20,2.41,2.39,0.0,0.0,1.0,,0.024285714285714306
2019-05-20,2.41,2.39,0.0,0.0,1.0,,0.024285714285714306
2019-05-30,2.22,2.39,0.154,0.077,0.769,,-0.07401574803149613
2019-05-30,2.22,2.39,0.154,0.077,0.769,,-0.07401574803149613
2019-05-30,2.22,2.39,0.08,0.12,0.8,,-0.07401574803149613
2019-05-30,2.22,2.39,0.08,0.12,0.8,,-0.07401574803149613
2019-06-03,2.07,2.38,0.0,0.444,0.556,,0.053149606299212865
2019-06-04,2.12,2.38,0.286,0.286,0.429,,0.003464566929133858
2019-06-21,2.07,2.38,0.154,0.308,0.538,,0.003937007874015748
2019-06-25,2.0,2.38,0.2,0.4,0.4,,0.05897637795275573
2019-06-25,2.0,2.38,0.2,0.4,0.4,,0.05897637795275573
2019-06-25,2.0,2.38,0.074,0.222,0.704,,0.05897637795275573
2019-06-25,2.0,2.38,0.074,0.222,0.704,,0.05897637795275573
2019-07-01,2.03,2.39,0.333,0.222,0.444,,-0.045118110236220296
2019-07-09,2.07,2.41,0.0,0.5,0.5,,0.012063492063492061
2019-07-09,2.07,2.41,0.0,0.5,0.5,,0.012063492063492061
2019-07-09,2.07,2.41,0.0,0.25,0.75,,0.012063492063492061
2019-07-09,2.07,2.41,0.0,0.25,0.75,,0.012063492063492061
2019-07-11,2.13,2.4,0.143,0.571,0.286,,-0.004206349206348993
2019-07-16,2.13,2.41,0.222,0.389,0.389,,-0.06539682539682523
2019-08-05,1.75,2.13,0.182,0.0,0.818,,-0.017559055118110255
2019-08-20,1.55,2.13,0.071,0.214,0.714,,0.04661290322580649
2019-08-23,1.52,2.12,0.333,0.111,0.556,,0.007016129032258064
2019-09-04,1.47,2.13,0.083,0.167,0.75,,0.10798387096774202
2019-09-05,1.57,2.13,0.0,0.0,1.0,,-0.01217741935483873
2019-09-26,1.7,1.85,0.1,0.1,0.8,,-0.001129032258064525
2019-09-26,1.7,1.85,0.1,0.1,0.8,,-0.001129032258064525
2019-09-26,1.7,1.85,0.188,0.062,0.75,,-0.001129032258064525
2019-09-26,1.7,1.85,0.188,0.062,0.75,,-0.001129032258064525
2019-09-27,1.69,1.83,0.0,0.0,1.0,,0.004838709677419356
2019-10-01,1.65,1.88,0.136,0.045,0.818,,-0.040569105691056734
2019-10-01,1.65,1.88,0.136,0.045,0.818,,-0.040569105691056734
2019-10-01,1.65,1.88,0.2,0.4,0.4,,-0.040569105691056734
2019-10-01,1.65,1.88,0.2,0.4,0.4,,-0.040569105691056734
2019-10-03,1.54,1.83,0.0,0.0,1.0,,-0.015121951219512214
2019-10-04,1.52,1.82,0.333,0.222,0.444,,0.005528455284552845
2019-10-07,1.56,1.82,0.286,0.143,0.571,,-0.01572580645161292
2019-10-08,1.54,1.82,0.2,0.2,0.6,,0.0536585365853659
2019-10-09,1.59,1.82,0.182,0.182,0.636,,0.0836585365853657
2019-10-16,1.75,1.9,0.0,0.0,1.0,,0.014596774193548396
2019-10-17,1.76,1.85,0.2,0.4,0.4,,0.004274193548387095
2019-10-18,1.76,1.85,0.188,0.062,0.75,,0.004919354838709676
2019-10-21,1.8,1.85,0.0,0.333,0.667,,-0.01725806451612905
2019-11-01,1.73,1.57,0.3,0.1,0.6,,0.003870967741935484
2019-11-01,1.73,1.57,0.3,0.1,0.6,,0.003870967741935484
2019-11-01,1.73,1.57,0.286,0.286,0.429,,0.003870967741935484
2019-11-01,1.73,1.57,0.286,0.286,0.429,,0.003870967741935484
2019-11-08,1.94,1.55,0.1,0.2,0.7,,0.0015447154471544694
2019-11-12,1.92,1.55,0.167,0.167,0.667,,-0.03750000000000003
2019-11-14,1.82,1.55,0.286,0.143,0.571,,0.024032258064516143
2019-11-14,1.82,1.55,0.286,0.143,0.571,,0.024032258064516143
2019-11-14,1.82,1.55,0.0,0.091,0.909,,0.024032258064516143
2019-11-14,1.82,1.55,0.0,0.091,0.909,,0.024032258064516143
2019-11-25,1.76,1.55,0.167,0.222,0.611,,-0.018387096774193566
2019-12-18,1.92,1.55,0.0,0.091,0.909,,-0.0008064516129032266
2020-01-09,1.85,1.55,0.273,0.273,0.455,,-0.02322580645161292
2020-01-16,1.81,1.54,0.071,0.071,0.857,,0.02790322580645164
2020-01-17,1.84,1.55,0.0,0.0,1.0,,-0.0016129032258064531
2020-02-05,1.66,1.59,0.0,0.0,1.0,,-0.01008130081300814
2020-02-06,1.65,1.59,0.308,0.154,0.538,,-0.05934959349593479
2020-02-10,1.56,1.58,0.0,0.0,1.0,,0.030245901639344288
2020-02-11,1.59,1.58,0.235,0.235,0.529,,0.03008196721311478
2020-02-21,1.46,1.58,0.154,0.154,0.692,,0.0027868852459016383
2020-02-21,1.46,1.58,0.154,0.154,0.692,,0.0027868852459016383
2020-02-21,1.46,1.58,0.417,0.0,0.583,,0.0027868852459016383
2020-02-21,1.46,1.58,0.417,0.0,0.583,,0.0027868852459016383
2020-02-25,1.33,1.58,0.0,0.429,0.571,,0.0013934426229508191
2020-02-27,1.3,1.58,0.2,0.2,0.6,,-0.16860655737704933
2020-04-09,0.73,0.05,0.077,0.154,0.769,,0.008925619834710744
2020-05-05,0.66,0.05,0.0,0.0,1.0,,0.07057851239669416
2020-05-13,0.64,0.05,0.091,0.273,0.636,,-0.0004132231404958761
2020-05-21,0.68,0.05,0.2,0.4,0.4,,0.007272727272727259
2020-05-21,0.68,0.05,0.2,0.4,0.4,,0.007272727272727259
2020-05-21,0.68,0.05,0.2,0.4,0.4,,0.007272727272727259
2020-05-21,0.68,0.05,0.143,0.429,0.429,,0.007272727272727259
2020-05-21,0.68,0.05,0.143,0.429,0.429,,0.007272727272727259
2020-05-21,0.68,0.05,0.143,0.429,0.429,,0.007272727272727259
2020-05-21,0.68,0.05,0.0,0.25,0.75,,0.007272727272727259
2020-05-21,0.68,0.05,0.0,0.25,0.75,,0.007272727272727259
2020-05-21,0.68,0.05,0.0,0.25,0.75,,0.007272727272727259
2020-06-16,0.75,0.09,0.125,0.25,0.625,,-0.004471544715447163
2020-06-19,0.7,0.09,0.1,0.2,0.7,,0.011707317073170733
2020-06-19,0.7,0.09,0.1,0.2,0.7,,0.011707317073170733
2020-06-19,0.7,0.09,0.0,0.4,0.6,,0.011707317073170733
2020-06-19,0.7,0.09,0.0,0.4,0.6,,0.011707317073170733
2020-07-07,0.65,0.09,0.13,0.217,0.652,,0.02398373983739839
2020-07-14,0.63,0.09,0.125,0.25,0.625,,0.010487804878048788
2020-08-06,0.55,0.1,0.0,0.571,0.429,,0.020813008130081207
2020-08-13,0.71,0.1,0.2,0.1,0.7,,0.00048780487804878
2020-08-19,0.68,0.09,0.143,0.0,0.857,,-0.028699186991869945
2020-08-26,0.69,0.09,0.15,0.25,0.6,,0.049512195121951263
2020-08-27,0.74,0.08,0.214,0.143,0.643,,-0.00032520325203251973
2020-08-31,0.72,0.09,0.429,0.143,0.429,,-0.040243902439024315
2020-09-21,0.68,0.09,0.0,0.0,1.0,,-0.0003252032520325206
2020-09-23,0.68,0.09,0.2,0.0,0.8,,-0.0102439024390244
2020-09-30,0.69,0.09,0.4,0.2,0.4,,-0.010661157024793286
2020-10-01,0.68,0.09,0.154,0.308,0.538,,0.019669421487603214
2020-10-01,0.68,0.09,0.154,0.308,0.538,,0.019669421487603214
2020-10-01,0.68,0.09,0.133,0.267,0.6,,0.019669421487603214
2020-10-01,0.68,0.09,0.133,0.267,0.6,,0.019669421487603214
2020-10-06,0.76,0.09,0.062,0.312,0.625,,0.04991735537190087
2020-10-14,0.73,0.09,0.091,0.364,0.545,,0.015163934426229517
2020-10-14,0.73,0.09,0.091,0.364,0.545,,0.015163934426229517
2020-10-14,0.73,0.09,0.091,0.333,0.576,,0.015163934426229517
2020-10-14,0.73,0.09,0.091,0.333,0.576,,0.015163934426229517
2020-10-15,0.74,0.09,0.0,0.5,0.5,,0.022131147540983623
2020-10-15,0.74,0.09,0.0,0.5,0.5,,0.022131147540983623
2020-10-15,0.74,0.09,0.143,0.143,0.714,,0.022131147540983623
2020-10-15,0.74,0.09,0.143,0.143,0.714,,0.022131147540983623
2020-10-19,0.78,0.09,0.111,0.444,0.444,,0.02786885245901642
2020-10-20,0.81,0.09,0.125,0.25,0.625,,0.01868852459016384
2020-10-20,0.81,0.09,0.125,0.25,0.625,,0.01868852459016384
2020-10-20,0.81,0.09,0.167,0.25,0.583,,0.01868852459016384
2020-10-20,0.81,0.09,0.167,0.25,0.583,,0.01868852459016384
2020-10-21,0.83,0.09,0.125,0.375,0.5,,0.039344262295082005
2020-11-10,0.98,0.09,0.0,0.0,1.0,,-0.0016129032258064512
2020-11-16,0.91,0.09,0.429,0.0,0.571,,-0.04169354838709681
2020-11-17,0.87,0.09,0.0,0.375,0.625,,0.008548387096774203
2020-11-19,0.86,0.08,0.0,0.0,1.0,,-0.03250000000000003
2020-12-01,0.92,0.09,0.091,0.182,0.727,,0.028064516129032175
2020-12-04,0.97,0.09,0.1,0.35,0.55,,-0.002096774193548387
2020-12-11,0.9,0.09,0.0,0.0,1.0,,-0.0029032258064516127
2020-12-17,0.94,0.09,0.222,0.0,0.778,,0.007016129032258073
2020-12-18,0.95,0.09,0.0,0.0,1.0,,-0.0026612903225806455
2021-01-08,1.13,0.09,0.4,0.4,0.2,,-0.0017741935483870967
2021-01-13,1.1,0.09,0.375,0.375,0.25,,0.046612903225806274
2021-01-13,1.1,0.09,0.375,0.375,0.25,,0.046612903225806274
2021-01-13,1.1,0.09,0.222,0.444,0.333,,0.046612903225806274
2021-01-13,1.1,0.09,0.222,0.444,0.333,,0.046612903225806274
2021-02-10,1.15,0.08,0.1,0.4,0.5,,0.006693548387096782
2021-02-16,1.3,0.08,0.111,0.444,0.444,,-0.013225806451612912
2021-02-18,1.29,0.07,0.0,0.273,0.727,,0.04677419354838714
2021-02-22,1.37,0.07,0.0,0.727,0.273,,-0.0037398373983739833
2021-02-24,1.38,0.07,0.0,0.5,0.5,,0.15278688524590178
2021-02-24,1.38,0.07,0.0,0.5,0.5,,0.15278688524590178
2021-02-24,1.38,0.07,0.1,0.6,0.3,,0.15278688524590178
2021-02-24,1.38,0.07,0.1,0.6,0.3,,0.15278688524590178
2021-02-25,1.54,0.07,0.267,0.267,0.467,,-0.10360655737704927
2021-03-01,1.45,0.07,0.0,0.083,0.917,,-0.03388429752066118
2021-03-02,1.42,0.07,0.154,0.385,0.462,,0.04595041322314054
2021-03-18,1.71,0.07,0.077,0.385,0.538,,0.023770491803278712
2021-03-22,1.69,0.07,0.0,0.769,0.231,,-0.078688524590164
2021-03-22,1.69,0.07,0.0,0.769,0.231,,-0.078688524590164
2021-03-22,1.69,0.07,0.0,0.083,0.917,,-0.078688524590164
2021-03-22,1.69,0.07,0.0,0.083,0.917,,-0.078688524590164
2021-03-23,1.63,0.07,0.0,0.0,1.0,,-0.0222950819672129
2021-03-23,1.63,0.07,0.0,0.0,1.0,,-0.0222950819672129
2021-03-23,1.63,0.07,0.333,0.333,0.333,,-0.0222950819672129
2021-03-23,1.63,0.07,0.333,0.333,0.333,,-0.0222950819672129
2021-03-25,1.63,0.07,0.333,0.25,0.417,,0.034016393442622986
2021-03-29,1.73,0.07,0.0,0.167,0.833,,-0.007213114754098361
2021-03-30,1.73,0.07,0.0,0.0,1.0,,0.002540983606557386
2021-04-14,1.64,0.07,0.333,0.222,0.444,,-0.08604838709677404
2021-05-03,1.63,0.06,0.077,0.462,0.462,,-0.02516129032258044
2021-05-05,1.59,0.06,0.167,0.333,0.5,,-0.015161290322580654
2021-05-11,1.64,0.06,0.25,0.125,0.625,,0.04419354838709682
2021-05-12,1.69,0.06,0.222,0.222,0.556,,-0.03580645161290325
2021-05-13,1.66,0.06,0.0,0.2,0.8,,-0.03564516129032261
2021-05-17,1.64,0.06,0.0,0.143,0.857,,-0.004193548387096774
2021-05-24,1.61,0.06,0.0,0.0,1.0,,-0.05390243902439029
2021-05-26,1.58,0.06,0.176,0.235,0.588,,0.0215447154471545
2021-05-26,1.58,0.06,0.176,0.235,0.588,,0.0215447154471545
2021-05-26,1.58,0.06,0.5,0.125,0.375,,0.0215447154471545
2021-05-26,1.58,0.06,0.5,0.125,0.375,,0.0215447154471545
2021-06-01,1.62,0.06,0.333,0.333,0.333,,-0.034308943089430916
2021-06-03,1.63,0.06,0.0,0.182,0.818,,-0.07414634146341448
2021-06-23,1.5,0.1,0.15,0.2,0.65,,-0.01217741935483872
2021-06-28,1.49,0.1,0.0,0.167,0.833,,-0.0012903225806451606
2021-07-11,1.37,0.1,0.333,0.111,0.556,,0.009918699186991656
2021-07-30,1.24,0.07,0.133,0.267,0.6,,0.0037398373983739833
2021-08-03,1.19,0.1,0.0,0.444,0.556,,0.0030578512396694205
2021-08-04,1.19,0.1,0.286,0.143,0.571,,0.04305785123966946
2021-08-17,1.26,0.1,0.0,0.333,0.667,,0.012975206611570256
2021-08-27,1.31,0.08,0.167,0.667,0.167,,0.002892561983471075
2021-09-09,1.3,0.08,0.125,0.25,0.625,,0.05297520661157029
2021-09-24,1.47,0.08,0.0,0.333,0.667,,0.002975206611570247
2021-09-27,1.48,0.08,0.1,0.6,0.3,,0.06214876033057856
2021-09-28,1.54,0.08,0.3,0.7,0.0,,0.01214876033057852
2021-10-05,1.54,0.08,0.5,0.0,0.5,,-0.00908333333333334
2021-10-07,1.58,0.08,0.0,0.143,0.857,,0.030833333333333362
2021-10-12,1.59,0.08,0.167,0.333,0.5,,-0.028666666666666694
2021-10-13,1.56,0.08,0.273,0.273,0.455,,-0.038666666666666696
2021-10-13,1.56,0.08,0.273,0.273,0.455,,-0.038666666666666696
2021-10-13,1.56,0.08,0.071,0.214,0.714,,-0.038666666666666696
2021-10-13,1.56,0.08,0.071,0.214,0.714,,-0.038666666666666696
2021-10-18,1.59,0.08,0.0,0.0,1.0,,0.05733333333333317
2021-10-19,1.65,0.08,0.308,0.231,0.462,,-0.0023333333333333353
2021-10-19,1.65,0.08,0.308,0.231,0.462,,-0.0023333333333333353
2021-10-19,1.65,0.08,0.0,0.467,0.533,,-0.0023333333333333353
2021-10-19,1.65,0.08,0.0,0.467,0.533,,-0.0023333333333333353
2021-10-20,1.65,0.08,0.385,0.154,0.462,,0.02883333333333336
2021-10-22,1.66,0.08,0.0,0.417,0.583,,-0.0006666666666666673
2021-11-08,1.51,0.08,0.455,0.182,0.364,,-0.051721311475409884
2021-11-08,1.51,0.08,0.455,0.182,0.364,,-0.051721311475409884
2021-11-08,1.51,0.08,0.455,0.182,0.364,,-0.051721311475409884
2021-11-08,1.51,0.08,0.538,0.154,0.308,,-0.051721311475409884
2021-11-08,1.51,0.08,0.538,0.154,0.308,,-0.051721311475409884
2021-11-08,1.51,0.08,0.538,0.154,0.308,,-0.051721311475409884
2021-11-08,1.51,0.08,0.0,0.375,0.625,,-0.051721311475409884
2021-11-08,1.51,0.08,0.0,0.375,0.625,,-0.051721311475409884
2021-11-08,1.51,0.08,0.0,0.375,0.625,,-0.051721311475409884
2021-11-09,1.46,0.08,0.0,0.6,0.4,,0.0990983606557378
2021-11-17,1.6,0.08,0.0,0.0,1.0,,-0.01065573770491804
2021-11-29,1.52,0.08,0.182,0.0,0.818,,-0.09435483870967751
2021-11-29,1.52,0.08,0.182,0.0,0.818,,-0.09435483870967751
2021-11-29,1.52,0.08,0.0,0.0,1.0,,-0.09435483870967751
2021-11-29,1.52,0.08,0.0,0.0,1.0,,-0.09435483870967751
2021-11-30,1.43,0.07,0.0,0.071,0.929,,-0.001935483870967742
2021-12-02,1.44,0.08,0.154,0.308,0.538,,-0.0926612903225805
2021-12-17,1.41,0.08,0.167,0.167,0.667,,-0.0011999999999999992
2022-02-18,1.92,0.08,0.0,0.0,1.0,,-0.005599999999999998
2022-02-18,1.92,0.08,0.0,0.0,1.0,,-0.005599999999999998
2022-02-18,1.92,0.08,0.333,0.222,0.444,,-0.005599999999999998
2022-02-18,1.92,0.08,0.333,0.222,0.444,,-0.005599999999999998
2022-02-21,1.92,0.08,0.471,0.235,0.294,,0.016774193548387117
2022-02-24,1.96,0.08,0.417,0.167,0.417,,0.006854838709677429
2022-03-18,2.14,0.33,0.25,0.25,0.5,,-0.002822580645161291
2022-03-21,2.32,0.33,0.3,0.4,0.3,,0.05639344262295087
2022-03-24,2.34,0.33,0.167,0.0,0.833,,0.13540983606557389
2022-04-05,2.54,0.33,0.727,0.0,0.273,,0.06180327868852443
2022-05-06,3.12,0.83,0.235,0.353,0.412,,-0.010661157024793389
2022-05-24,2.76,0.83,0.2,0.3,0.5,,-0.019504132231404746
2022-05-25,2.75,0.83,0.636,0.091,0.273,,-0.00950413223140496
2022-05-30,2.74,0.83,0.167,0.167,0.667,,0.10214876033057839
2022-06-03,2.96,0.83,0.286,0.214,0.5,,-0.008347107438016527
2022-06-17,3.25,1.58,0.167,0.167,0.667,,-0.008760330578512398
2022-06-18,3.25,1.58,0.111,0.333,0.556,,-0.00884297520661157
2022-06-23,3.09,1.58,0.688,0.188,0.125,,0.027520661157024826
2022-07-08,3.09,1.58,0.143,0.286,0.571,,-0.011416666666666667
2022-07-14,2.96,1.58,0.727,0.0,0.273,,-0.039499999999999806
2022-07-19,3.01,1.58,0.182,0.545,0.273,,0.020916666666666917
2022-08-06,2.83,2.33,0.4,0.133,0.467,,-0.0030833333333333307
2022-08-17,2.89,2.33,0.214,0.143,0.643,,-0.010916666666666897
2022-08-26,3.04,2.33,0.556,0.0,0.444,,0.00025000000000000207
2022-08-29,3.12,2.33,0.286,0.143,0.571,,-0.010666666666666899
2022-09-07,3.27,2.33,0.467,0.133,0.4,,0.01875000000000002
2022-09-09,3.33,2.33,0.455,0.091,0.455,,-0.0009999999999999972
2022-09-28,3.72,3.08,0.0,0.0,1.0,,0.02883333333333292
2022-09-28,3.72,3.08,0.0,0.0,1.0,,0.02883333333333292
2022-09-28,3.72,3.08,0.0,0.25,0.75,,0.02883333333333292
2022-09-28,3.72,3.08,0.0,0.25,0.75,,0.02883333333333292
2022-09-30,3.83,3.08,0.0,0.429,0.571,,-0.011833333333333333
2022-09-30,3.83,3.08,0.0,0.429,0.571,,-0.011833333333333333
2022-09-30,3.83,3.08,0.235,0.0,0.765,,-0.011833333333333333
2022-09-30,3.83,3.08,0.235,0.0,0.765,,-0.011833333333333333
2022-10-04,3.62,3.08,0.214,0.214,0.571,,0.13208333333333303
2022-10-06,3.83,3.08,0.368,0.053,0.579,,0.041000000000000064
2022-10-06,3.83,3.08,0.368,0.053,0.579,,0.041000000000000064
2022-10-06,3.83,3.08,0.467,0.2,0.333,,0.041000000000000064
2022-10-06,3.83,3.08,0.467,0.2,0.333,,0.041000000000000064
2022-10-10,3.89,3.08,0.385,0.231,0.385,,0.03254098360655741
2022-10-12,3.91,3.08,0.15,0.45,0.4,,0.045737704918032834
2022-10-12,3.91,3.08,0.15,0.45,0.4,,0.045737704918032834
2022-10-12,3.91,3.08,0.143,0.143,0.714,,0.045737704918032834
2022-10-12,3.91,3.08,0.143,0.143,0.714,,0.045737704918032834
2022-10-20,4.24,3.08,0.0,0.5,0.5,,-0.03601626016260188
2022-11-16,3.67,3.83,0.364,0.0,0.636,,0.0825806451612904
2022-11-17,3.77,3.83,0.211,0.316,0.474,,0.031774193548386925
2022-11-17,3.77,3.83,0.211,0.316,0.474,,0.031774193548386925
2022-11-17,3.77,3.83,0.222,0.333,0.444,,0.031774193548386925
2022-11-17,3.77,3.83,0.222,0.333,0.444,,0.031774193548386925
2022-11-28,3.69,3.83,0.2,0.2,0.6,,0.05272000000000006
2022-11-30,3.68,3.83,0.25,0.75,0.0,,-0.16680000000000034
2022-11-30,3.68,3.83,0.25,0.75,0.0,,-0.16680000000000034
2022-11-30,3.68,3.83,0.429,0.286,0.286,,-0.16680000000000034
2022-11-30,3.68,3.83,0.429,0.286,0.286,,-0.16680000000000034
2022-12-01,3.53,3.83,0.182,0.091,0.727,,-0.02848000000000002
2023-01-06,3.55,4.33,0.684,0.0,0.316,,-0.0057142857142857125
2023-01-10,3.61,4.33,0.143,0.357,0.5,,-0.07539682539682524
2023-01-19,3.39,4.33,0.2,0.4,0.4,,0.08841269841269828
2023-01-20,3.48,4.33,0.474,0.263,0.263,,-0.001904761904761903
2023-02-07,3.67,4.58,0.062,0.25,0.688,,-0.03752000000000003
2023-02-08,3.63,4.58,0.714,0.0,0.286,,0.04250000000000004
2023-02-10,3.74,4.58,0.0,0.0,1.0,,0.001209677419354838
2023-02-15,3.81,4.58,0.0,0.417,0.583,,0.05292682926829251
2023-02-16,3.86,4.58,0.0,0.625,0.375,,-0.037886178861788654
2023-02-27,3.92,4.57,0.556,0.111,0.333,,0.0034426229508196754
2023-03-02,4.08,4.57,0.444,0.278,0.278,,-0.10680327868852446
2023-03-03,3.97,4.57,0.25,0.25,0.5,,0.0024590163934426214
2023-03-09,3.93,4.57,0.3,0.1,0.6,,-0.22918032786885245
2023-03-14,3.64,4.58,0.0,0.214,0.786,,-0.12836065573770525
2023-03-27,3.53,4.83,0.364,0.091,0.545,,0.02311475409836067
2023-03-31,3.48,4.83,0.31,0.276,0.414,,0.001983471074380167
2023-04-04,3.35,4.83,0.0,0.5,0.5,,-0.04752066115702506
2023-04-14,3.52,4.83,0.0,0.571,0.429,,0.004166666666666667
2023-04-14,3.52,4.83,0.0,0.571,0.429,,0.004166666666666667
2023-04-14,3.52,4.83,0.25,0.2,0.55,,0.004166666666666667
2023-04-14,3.52,4.83,0.25,0.2,0.55,,0.004166666666666667
2023-04-18,3.58,4.83,0.0,0.0,1.0,,0.021500000000000016
2023-04-20,3.54,4.83,0.0,0.0,1.0,,0.03266666666666647
2023-04-20,3.54,4.83,0.0,0.0,1.0,,0.03266666666666647
2023-04-20,3.54,4.83,0.125,0.25,0.625,,0.03266666666666647
2023-04-20,3.54,4.83,0.125,0.25,0.625,,0.03266666666666647
2023-05-05,3.44,5.08,0.0,0.5,0.5,,0.002868852459016394
2023-05-11,3.39,5.08,0.0,0.0,1.0,,0.07475409836065558
2023-05-12,3.46,5.08,0.0,0.0,1.0,,0.00721311475409836
2023-05-12,3.46,5.08,0.0,0.0,1.0,,0.00721311475409836
2023-05-12,3.46,5.08,0.273,0.182,0.545,,0.00721311475409836
2023-05-12,3.46,5.08,0.273,0.182,0.545,,0.00721311475409836
2023-05-13,3.46,5.08,0.333,0.333,0.333,,0.003360655737704919
2023-05-15,3.5,5.08,0.333,0.5,0.167,,0.0422131147540984
2023-05-18,3.65,5.08,0.583,0.167,0.25,,0.050245901639344524
2023-05-19,3.7,5.08,0.0,0.0,1.0,,0.0
2023-05-24,3.73,5.08,0.188,0.125,0.688,,0.10024390243902448
2023-05-31,3.64,5.08,0.258,0.194,0.548,,-0.03357723577235798
2023-05-31,3.64,5.08,0.258,0.194,0.548,,-0.03357723577235798
2023-05-31,3.64,5.08,0.211,0.105,0.684,,-0.03357723577235798
2023-05-31,3.64,5.08,0.211,0.105,0.684,,-0.03357723577235798
2023-06-16,3.77,5.08,0.125,0.5,0.375,,-0.0005645161290322604
2023-06-22,3.8,5.07,0.263,0.053,0.684,,-0.05983870967741896
2023-06-22,3.8,5.07,0.263,0.053,0.684,,-0.05983870967741896
2023-06-22,3.8,5.07,1.0,0.0,0.0,,-0.05983870967741896
2023-06-22,3.8,5.07,1.0,0.0,0.0,,-0.05983870967741896
2023-06-29,3.85,5.07,0.125,0.375,0.5,,-0.03959677419354842
2023-07-10,4.01,5.07,0.375,0.125,0.5,,-0.017839999999999575
2023-07-13,3.76,5.08,0.75,0.125,0.125,,0.07088000000000029
2023-07-18,3.8,5.08,0.182,0.182,0.636,,-0.052879999999999816
2023-08-05,4.05,5.33,0.571,0.143,0.286,,-0.0024800000000000004
2023-08-07,4.09,5.33,0.5,0.2,0.3,,-0.07328000000000029
2023-08-22,4.34,5.33,0.2,0.4,0.4,,-0.15511999999999948
2023-09-08,4.26,5.33,0.1,0.2,0.7,,-0.004308943089430897
2023-09-22,4.44,5.33,0.467,0.133,0.4,,-0.012622950819672124
2023-09-22,4.44,5.33,0.467,0.133,0.4,,-0.012622950819672124
2023-09-22,4.44,5.33,0.0,0.333,0.667,,-0.012622950819672124
2023-09-22,4.44,5.33,0.0,0.333,0.667,,-0.012622950819672124
2023-09-26,4.56,5.33,0.231,0.231,0.538,,0.044836065573771205
2023-09-27,4.61,5.33,0.133,0.333,0.533,,-0.03032786885245948
2023-09-28,4.59,5.33,0.0,0.308,0.692,,-0.01016393442622951
2023-09-28,4.59,5.33,0.0,0.308,0.692,,-0.01016393442622951
2023-09-28,4.59,5.33,0.2,0.4,0.4,,-0.01016393442622951
2023-09-28,4.59,5.33,0.2,0.4,0.4,,-0.01016393442622951
2023-10-02,4.69,5.33,0.0,0.0,1.0,,0.11008130081300735
2023-10-02,4.69,5.33,0.0,0.0,1.0,,0.11008130081300735
2023-10-02,4.69,5.33,0.357,0.214,0.429,,0.11008130081300735
2023-10-02,4.69,5.33,0.357,0.214,0.429,,0.11008130081300735
2023-10-04,4.73,5.33,0.0,0.167,0.833,,-0.015203252032521004
2023-10-07,4.78,5.33,0.333,0.083,0.583,,-0.007479674796747971
2023-10-09,4.78,5.33,0.333,0.167,0.5,,-0.1359349593495936
2023-10-09,4.78,5.33,0.333,0.167,0.5,,-0.1359349593495936
2023-10-09,4.78,5.33,0.333,0.167,0.5,,-0.1359349593495936
2023-10-09,4.78,5.33,0.333,0.167,0.5,,-0.1359349593495936
2023-10-10,4.66,5.33,0.316,0.0,0.684,,-0.08731707317073178
2023-10-11,4.58,5.33,0.25,0.25,0.5,,0.11268292682926839
2023-10-17,4.83,5.33,0.143,0.0,0.857,,0.0550806451612904
2023-10-18,4.91,5.33,0.25,0.0,0.75,,0.028467741935484146
2023-10-18,4.91,5.33,0.25,0.0,0.75,,0.028467741935484146
2023-10-18,4.91,5.33,0.25,0.0,0.75,,0.028467741935484146
2023-10-18,4.91,5.33,0.059,0.765,0.176,,0.028467741935484146
2023-10-18,4.91,5.33,0.059,0.765,0.176,,0.028467741935484146
2023-10-18,4.91,5.33,0.059,0.765,0.176,,0.028467741935484146
2023-10-18,4.91,5.33,0.267,0.4,0.333,,0.028467741935484146
2023-10-18,4.91,5.33,0.267,0.4,0.333,,0.028467741935484146
2023-10-18,4.91,5.33,0.267,0.4,0.333,,0.028467741935484146
2023-10-19,4.98,5.33,0.0,0.0,1.0,,-0.07472000000000072
2023-10-19,4.98,5.33,0.0,0.0,1.0,,-0.07472000000000072
2023-10-19,4.98,5.33,0.0,0.0,1.0,,-0.07472000000000072
2023-10-19,4.98,5.33,0.353,0.176,0.471,,-0.07472000000000072
2023-10-19,4.98,5.33,0.353,0.176,0.471,,-0.07472000000000072
2023-10-19,4.98,5.33,0.353,0.176,0.471,,-0.07472000000000072
2023-10-19,4.98,5.33,0.167,0.167,0.667,,-0.07472000000000072
2023-10-19,4.98,5.33,0.167,0.167,0.667,,-0.07472000000000072
2023-10-19,4.98,5.33,0.167,0.167,0.667,,-0.07472000000000072
2023-10-25,4.95,5.33,0.143,0.286,0.571,,-0.09687999999999986
2023-10-26,4.86,5.33,0.333,0.333,0.333,,-0.02752000000000046
2023-10-27,4.84,5.33,0.1,0.1,0.8,,-0.00848
2023-11-06,4.67,5.33,0.267,0.2,0.533,,-0.10546874999999986
2023-11-07,4.58,5.33,0.2,0.2,0.6,,-0.12218749999999984
2023-11-07,4.58,5.33,0.2,0.2,0.6,,-0.12218749999999984
2023-11-07,4.58,5.33,0.0,0.0,1.0,,-0.12218749999999984
2023-11-07,4.58,5.33,0.0,0.0,1.0,,-0.12218749999999984
2023-11-08,4.49,5.33,0.0,0.182,0.818,,0.0978124999999999
2023-11-08,4.49,5.33,0.0,0.182,0.818,,0.0978124999999999
2023-11-08,4.49,5.33,0.0,0.182,0.818,,0.0978124999999999
2023-11-08,4.49,5.33,0.071,0.0,0.929,,0.0978124999999999
2023-11-08,4.49,5.33,0.071,0.0,0.929,,0.0978124999999999
2023-11-08,4.49,5.33,0.071,0.0,0.929,,0.0978124999999999
2023-11-08,4.49,5.33,0.357,0.179,0.464,,0.0978124999999999
2023-11-08,4.49,5.33,0.357,0.179,0.464,,0.0978124999999999
2023-11-08,4.49,5.33,0.357,0.179,0.464,,0.0978124999999999
2023-11-09,4.62,5.33,0.368,0.211,0.421,,-0.026718749999999784
2023-11-09,4.62,5.33,0.368,0.211,0.421,,-0.026718749999999784
2023-11-09,4.62,5.33,0.0,0.167,0.833,,-0.026718749999999784
2023-11-09,4.62,5.33,0.0,0.167,0.833,,-0.026718749999999784
2023-11-13,4.63,5.33,0.033,0.033,0.933,,-0.1940624999999995
2023-11-14,4.44,5.33,0.1,0.0,0.9,,0.08601562499999985
2023-11-16,4.45,5.33,0.25,0.375,0.375,,-0.019531249999999792
2023-11-16,4.45,5.33,0.25,0.375,0.375,,-0.019531249999999792
2023-11-16,4.45,5.33,0.0,0.348,0.652,,-0.019531249999999792
2023-11-16,4.45,5.33,0.0,0.348,0.652,,-0.019531249999999792
2023-11-28,4.34,5.33,0.167,0.417,0.417,,-0.08353383458646646
2023-11-28,4.34,5.33,0.167,0.417,0.417,,-0.08353383458646646
2023-11-28,4.34,5.33,0.167,0.417,0.417,,-0.08353383458646646
2023-11-28,4.34,5.33,0.412,0.176,0.412,,-0.08353383458646646
2023-11-28,4.34,5.33,0.412,0.176,0.412,,-0.08353383458646646
2023-11-28,4.34,5.33,0.412,0.176,0.412,,-0.08353383458646646
2023-11-28,4.34,5.33,0.444,0.111,0.444,,-0.08353383458646646
2023-11-28,4.34,5.33,0.444,0.111,0.444,,-0.08353383458646646
2023-11-28,4.34,5.33,0.444,0.111,0.444,,-0.08353383458646646
2023-12-01,4.22,5.33,0.167,0.167,0.667,,-0.008270676691729328
2023-12-01,4.22,5.33,0.167,0.167,0.667,,-0.008270676691729328
2023-12-01,4.22,5.33,0.333,0.25,0.417,,-0.008270676691729328
2023-12-01,4.22,5.33,0.333,0.25,0.417,,-0.008270676691729328
2023-12-05,4.18,5.33,0.158,0.158,0.684,,-0.06383458646616502
2024-01-08,4.01,5.33,0.0,0.25,0.75,,0.01154411764705861
2024-01-17,4.1,5.33,0.0,0.0,1.0,,0.04308823529411768
2024-01-17,4.1,5.33,0.0,0.0,1.0,,0.04308823529411768
2024-01-17,4.1,5.33,0.333,0.0,0.667,,0.04308823529411768
2024-01-17,4.1,5.33,0.333,0.0,0.667,,0.04308823529411768
2024-02-02,4.03,5.33,0.0,0.333,0.667,,0.0030147058823529423
2024-02-07,4.09,5.33,0.0,0.611,0.389,,0.066518518518519
2024-02-07,4.09,5.33,0.0,0.611,0.389,,0.066518518518519
2024-02-07,4.09,5.33,0.857,0.143,0.0,,0.066518518518519
2024-02-07,4.09,5.33,0.857,0.143,0.0,,0.066518518518519
2024-02-12,4.17,5.33,0.0,0.0,1.0,,0.14514925373134296
2024-02-13,4.31,5.33,0.111,0.0,0.889,,-0.0344029850746269
2024-02-14,4.27,5.33,0.5,0.25,0.25,,-0.018805970149253094
2024-02-15,4.24,5.33,0.071,0.0,0.929,,0.06910447761193991
2024-02-15,4.24,5.33,0.071,0.0,0.929,,0.06910447761193991
2024-02-15,4.24,5.33,0.091,0.091,0.818,,0.06910447761193991
2024-02-15,4.24,5.33,0.091,0.091,0.818,,0.06910447761193991
2024-02-16,4.3,5.33,0.0,0.25,0.75,,0.005149253731343287
2024-02-22,4.33,5.33,0.444,0.111,0.444,,-0.059701492537313716
2024-02-22,4.33,5.33,0.444,0.111,0.444,,-0.059701492537313716
2024-02-22,4.33,5.33,0.444,0.111,0.444,,-0.059701492537313716
2024-02-22,4.33,5.33,0.583,0.417,0.0,,-0.059701492537313716
2024-02-22,4.33,5.33,0.583,0.417,0.0,,-0.059701492537313716
2024-02-22,4.33,5.33,0.583,0.417,0.0,,-0.059701492537313716
2024-02-22,4.33,5.33,0.0,0.0,1.0,,-0.059701492537313716
2024-02-22,4.33,5.33,0.0,0.0,1.0,,-0.059701492537313716
2024-02-22,4.33,5.33,0.0,0.0,1.0,,-0.059701492537313716
2024-02-27,4.31,5.33,0.222,0.111,0.667,,-0.030381679389313018
2024-02-27,4.31,5.33,0.222,0.111,0.667,,-0.030381679389313018
2024-02-27,4.31,5.33,0.1,0.4,0.5,,-0.030381679389313018
2024-02-27,4.31,5.33,0.1,0.4,0.5,,-0.030381679389313018
2024-03-01,4.19,5.33,0.429,0.143,0.429,,0.004503816793893135
2024-03-05,4.13,5.33,0.286,0.286,0.429,,-0.015639097744360474
2024-03-07,4.09,5.33,0.316,0.158,0.526,,0.004210526315789471
2024-03-25,4.25,5.33,0.333,0.222,0.444,,-0.008923076923076706
2024-04-01,4.33,5.33,0.0,0.0,1.0,,0.031550387596899473
2024-04-02,4.36,5.33,0.125,0.0,0.875,,0.005813953488372093
2024-04-03,4.36,5.33,0.0,0.167,0.833,,-0.044186046511628614
2024-04-03,4.36,5.33,0.0,0.167,0.833,,-0.044186046511628614
2024-04-03,4.36,5.33,0.0,0.167,0.833,,-0.044186046511628614
2024-04-03,4.36,5.33,0.5,0.3,0.2,,-0.044186046511628614
2024-04-03,4.36,5.33,0.5,0.3,0.2,,-0.044186046511628614
2024-04-03,4.36,5.33,0.5,0.3,0.2,,-0.044186046511628614
2024-04-03,4.36,5.33,0.143,0.286,0.571,,-0.044186046511628614
2024-04-03,4.36,5.33,0.143,0.286,0.571,,-0.044186046511628614
2024-04-03,4.36,5.33,0.143,0.286,0.571,,-0.044186046511628614
2024-04-04,4.31,5.33,0.0,0.556,0.444,,0.08170542635658921
2024-04-05,4.39,5.33,0.0,0.111,0.889,,0.0011627906976744145
2024-04-16,4.67,5.33,0.25,0.125,0.625,,-0.08125000000000007
2024-04-18,4.64,5.33,0.143,0.571,0.286,,-0.02148437499999957
2024-05-03,4.5,5.33,0.364,0.273,0.364,,-0.005546875000000003
2024-05-04,4.5,5.33,0.167,0.167,0.667,,-0.005937500000000002
2024-05-08,4.48,5.33,0.133,0.133,0.733,,-0.03617187500000025
2024-05-10,4.5,5.33,0.091,0.0,0.909,,-0.012656250000000008
2024-05-10,4.5,5.33,0.091,0.0,0.909,,-0.012656250000000008
2024-05-10,4.5,5.33,0.0,0.154,0.846,,-0.012656250000000008
2024-05-10,4.5,5.33,0.0,0.154,0.846,,-0.012656250000000008
2024-05-13,4.48,5.33,0.267,0.2,0.533,,-0.03398437500000025
2024-05-14,4.45,5.33,0.067,0.133,0.8,,-0.09351562499999985
2024-05-17,4.42,5.33,0.0,0.0,1.0,,-0.0071874999999999994
2024-05-17,4.42,5.33,0.0,0.0,1.0,,-0.0071874999999999994
2024-05-17,4.42,5.33,0.167,0.167,0.667,,-0.0071874999999999994
2024-05-17,4.42,5.33,0.167,0.167,0.667,,-0.0071874999999999994
2024-05-18,4.42,5.33,0.0,0.0,1.0,,-0.0035937500000000067
2024-05-19,4.42,5.33,0.0,0.4,0.6,,0.010390625000000459
2024-05-20,4.44,5.33,0.12,0.04,0.84,,-0.0420930232558142
2024-05-20,4.44,5.33,0.12,0.04,0.84,,-0.0420930232558142
2024-05-20,4.44,5.33,0.12,0.04,0.84,,-0.0420930232558142
2024-05-20,4.44,5.33,0.375,0.083,0.542,,-0.0420930232558142
2024-05-20,4.44,5.33,0.375,0.083,0.542,,-0.0420930232558142
2024-05-20,4.44,5.33,0.375,0.083,0.542,,-0.0420930232558142
2024-05-20,4.44,5.33,0.0,0.4,0.6,,-0.0420930232558142
2024-05-20,4.44,5.33,0.0,0.4,0.6,,-0.0420930232558142
2024-05-20,4.44,5.33,0.0,0.4,0.6,,-0.0420930232558142
2024-05-21,4.41,5.33,0.375,0.25,0.375,,0.015813953488371668
2024-05-28,4.54,5.33,0.143,0.143,0.714,,0.06790697674418633
2024-06-07,4.43,5.33,0.067,0.333,0.6,,-0.003511450381679389
2024-06-14,4.2,5.33,0.0,0.667,0.333,,-0.0012213740458015278
2024-06-17,4.28,5.33,0.0,0.0,1.0,,-0.06215384615384665
2024-06-18,4.22,5.33,0.8,0.0,0.2,,-0.0019999999999999983
2024-06-24,4.25,5.33,0.182,0.091,0.727,,-0.019692307692307266
2024-06-25,4.23,5.33,0.071,0.214,0.714,,0.09077519379844946
2024-06-26,4.32,5.33,0.0,0.0,1.0,,-0.02922480620155064
2024-06-27,4.29,5.33,0.0,0.0,1.0,,0.0701550387596902
2024-07-09,4.3,5.33,0.1,0.3,0.6,,-0.024047619047618624
2024-07-09,4.3,5.33,0.1,0.3,0.6,,-0.024047619047618624
2024-07-09,4.3,5.33,0.0,0.231,0.769,,-0.024047619047618624
2024-07-09,4.3,5.33,0.0,0.231,0.769,,-0.024047619047618624
2024-07-10,4.28,5.33,0.143,0.429,0.429,,-0.08269841269841277
2024-07-10,4.28,5.33,0.143,0.429,0.429,,-0.08269841269841277
2024-07-10,4.28,5.33,0.375,0.625,0.0,,-0.08269841269841277
2024-07-10,4.28,5.33,0.375,0.625,0.0,,-0.08269841269841277
2024-07-16,4.17,5.33,0.0,0.143,0.857,,-0.011507936507936297
2024-07-17,4.16,5.33,0.417,0.333,0.25,,0.03849206349206352
2024-07-18,4.2,5.33,0.0,0.0,1.0,,0.04849206349206331
2024-08-10,3.94,5.33,0.0,0.0,1.0,,0.0021093750000000036
2024-08-19,3.86,5.33,0.083,0.083,0.833,,-0.03507936507936512
2024-08-20,3.82,5.33,0.0,0.75,0.25,,-0.02555555555555536
2024-08-23,3.81,5.33,0.4,0.267,0.333,,0.006190476190476189
2024-08-28,3.84,5.33,0.154,0.308,0.538,,0.035793650793651044
2024-09-06,3.72,5.33,0.222,0.222,0.556,,0.0063492063492063475
2024-09-10,3.65,5.33,0.111,0.111,0.778,,0.009365079365079363
2024-09-10,3.65,5.33,0.111,0.111,0.778,,0.009365079365079363
2024-09-10,3.65,5.33,0.0,0.091,0.909,,0.009365079365079363
2024-09-10,3.65,5.33,0.0,0.091,0.909,,0.009365079365079363
2024-09-20,3.73,4.83,0.444,0.333,0.222,,0.006587301587301591
2024-09-24,3.74,4.83,0.444,0.222,0.333,,0.05603174603174585
2024-09-25,3.79,4.83,0.375,0.25,0.375,,0.024319999999999994
2024-09-26,3.79,4.83,0.0,0.344,0.656,,-0.014720000000000035
2024-09-26,3.79,4.83,0.0,0.344,0.656,,-0.014720000000000035
2024-09-26,3.79,4.83,0.0,0.344,0.656,,-0.014720000000000035
2024-09-26,3.79,4.83,0.0,0.344,0.656,,-0.014720000000000035
2024-09-26,3.79,4.83,0.2,0.2,0.6,,-0.014720000000000035
2024-09-26,3.79,4.83,0.2,0.2,0.6,,-0.014720000000000035
2024-09-26,3.79,4.83,0.2,0.2,0.6,,-0.014720000000000035
2024-09-26,3.79,4.83,0.2,0.2,0.6,,-0.014720000000000035
2024-09-26,3.79,4.83,0.343,0.314,0.343,,-0.014720000000000035
2024-09-26,3.79,4.83,0.343,0.314,0.343,,-0.014720000000000035
2024-09-26,3.79,4.83,0.343,0.314,0.343,,-0.014720000000000035
2024-09-26,3.79,4.83,0.343,0.314,0.343,,-0.014720000000000035
2024-09-26,3.79,4.83,0.0,0.364,0.636,,-0.014720000000000035
2024-09-26,3.79,4.83,0.0,0.364,0.636,,-0.014720000000000035
2024-09-26,3.79,4.83,0.0,0.364,0.636,,-0.014720000000000035
2024-09-26,3.79,4.83,0.0,0.364,0.636,,-0.014720000000000035
2024-09-30,3.81,4.83,0.172,0.31,0.517,,-0.057967479674796596
2024-09-30,3.81,4.83,0.172,0.31,0.517,,-0.057967479674796596
2024-09-30,3.81,4.83,0.25,0.25,0.5,,-0.057967479674796596
2024-09-30,3.81,4.83,0.25,0.25,0.5,,-0.057967479674796596
2024-10-01,3.74,4.83,0.125,0.375,0.5,,0.05593495934959332
2024-10-02,3.79,4.83,0.0,0.0,1.0,,0.06593495934959355
2024-10-08,4.04,4.83,0.444,0.111,0.444,,0.032063492063491635
2024-10-08,4.04,4.83,0.444,0.111,0.444,,0.032063492063491635
2024-10-08,4.04,4.83,0.0,0.091,0.909,,0.032063492063491635
2024-10-08,4.04,4.83,0.0,0.091,0.909,,0.032063492063491635
2024-10-09,4.06,4.83,0.071,0.143,0.786,,0.036031746031746276
2024-10-10,4.09,4.83,0.0,0.375,0.625,,-0.004488188976377741
2024-10-11,4.08,4.83,0.0,0.5,0.5,,0.005275590551181102
2024-10-14,4.08,4.83,0.3,0.4,0.3,,-0.047637795275590374
2024-10-18,4.08,4.83,0.1,0.4,0.5,,0.0033593749999999978
2024-10-23,4.24,4.83,0.083,0.083,0.833,,-0.029062500000000248
2024-11-12,4.43,4.58,0.2,0.32,0.48,,0.009296875000000676
2024-11-14,4.43,4.58,0.385,0.308,0.308,,-0.000234374999999995
2024-11-20,4.41,4.58,0.0,0.0,1.0,,0.018095238095237665
2024-11-20,4.41,4.58,0.0,0.0,1.0,,0.018095238095237665
2024-11-20,4.41,4.58,0.65,0.35,0.0,,0.018095238095237665
2024-11-20,4.41,4.58,0.65,0.35,0.0,,0.018095238095237665
2024-11-22,4.41,4.58,0.0,0.0,1.0,,-0.0015873015873015817
2024-12-02,4.19,4.58,0.375,0.188,0.438,,0.03889763779527562
2024-12-03,4.23,4.58,0.308,0.154,0.538,,-0.04165354330708665
2025-01-06,4.62,4.33,0.125,0.0,0.875,,0.0440944881889762
2025-01-08,4.67,4.33,0.071,0.143,0.786,,0.0044094488188974245
2025-01-09,4.68,4.33,0.125,0.125,0.75,,0.0849606299212597
2025-01-31,4.58,4.33,0.0,0.0,1.0,,-0.00650793650793651
2025-02-04,4.52,4.33,0.5,0.036,0.464,,-0.10430894308943076
2025-02-05,4.43,4.33,0.0,0.0,1.0,,0.00569105691056957
2025-02-05,4.43,4.33,0.0,0.0,1.0,,0.00569105691056957
2025-02-05,4.43,4.33,0.0,0.333,0.667,,0.00569105691056957
2025-02-05,4.43,4.33,0.0,0.333,0.667,,0.00569105691056957
2025-02-07,4.49,4.33,0.19,0.095,0.714,,-0.012032520325203248
2025-02-07,4.49,4.33,0.19,0.095,0.714,,-0.012032520325203248
2025-02-07,4.49,4.33,0.25,0.167,0.583,,-0.012032520325203248
2025-02-07,4.49,4.33,0.25,0.167,0.583,,-0.012032520325203248
2025-02-11,4.54,4.33,0.0,0.2,0.8,,0.07508196721311483
2025-02-12,4.62,4.33,0.0,0.0,1.0,,-0.10491803278688577
2025-02-17,4.47,4.33,0.0,0.375,0.625,,0.07349593495934967
2025-02-17,4.47,4.33,0.0,0.375,0.625,,0.07349593495934967
2025-02-17,4.47,4.33,0.308,0.308,0.385,,0.07349593495934967
2025-02-17,4.47,4.33,0.308,0.308,0.385,,0.07349593495934967
2025-02-18,4.55,4.33,0.0,0.0,1.0,,-0.023333333333332908
2025-02-19,4.53,4.33,0.071,0.214,0.714,,-0.03666666666666692
2025-02-20,4.5,4.33,0.5,0.286,0.214,,-0.08699186991869926
2025-02-20,4.5,4.33,0.5,0.286,0.214,,-0.08699186991869926
2025-02-20,4.5,4.33,0.071,0.143,0.786,,-0.08699186991869926
2025-02-20,4.5,4.33,0.071,0.143,0.786,,-0.08699186991869926
2025-02-21,4.42,4.33,0.3,0.2,0.5,,-0.0037398373983739833
2025-02-25,4.3,4.33,0.0,0.0,1.0,,-0.05317073170731689
2025-02-27,4.29,4.33,0.0,0.0,1.0,,-0.05629032258064498
2025-02-27,4.29,4.33,0.0,0.0,1.0,,-0.05629032258064498
2025-02-27,4.29,4.33,0.0,0.429,0.571,,-0.05629032258064498
2025-02-27,4.29,4.33,0.0,0.429,0.571,,-0.05629032258064498
2025-03-07,4.32,4.33,0.0,0.462,0.538,,-0.0003199999999999932
2025-03-07,4.32,4.33,0.0,0.462,0.538,,-0.0003199999999999932
2025-03-07,4.32,4.33,0.312,0.312,0.375,,-0.0003199999999999932
2025-03-07,4.32,4.33,0.312,0.312,0.375,,-0.0003199999999999932
2025-03-21,4.25,4.33,0.0,0.0,1.0,,0.00015748031496062655
2025-03-24,4.34,4.33,0.333,0.267,0.4,,-0.029055118110236467
2025-03-25,4.31,4.33,0.444,0.444,0.111,,0.040944881889763814
2025-04-02,4.2,4.33,0.455,0.091,0.455,,-0.1387301587301593
2025-04-03,4.06,4.33,0.444,0.0,0.556,,-0.048888888888888704
2025-04-04,4.01,4.33,0.4,0.3,0.3,,-0.0006349206349206355
2025-04-04,4.01,4.33,0.4,0.3,0.3,,-0.0006349206349206355
2025-04-04,4.01,4.33,0.125,0.062,0.812,,-0.0006349206349206355
2025-04-04,4.01,4.33,0.125,0.062,0.812,,-0.0006349206349206355
2025-04-07,4.15,4.33,1.0,0.0,0.0,,0.10984126984126928
2025-04-14,4.38,4.33,0.333,0.222,0.444,,-0.028740157480315207
2025-04-15,4.35,4.33,0.0,0.0,1.0,,-0.058897637795275196
2025-04-16,4.29,4.33,0.267,0.333,0.4,,0.051102362204724236
2025-04-17,4.34,4.33,0.0,0.4,0.6,,0.0
2025-04-22,4.41,4.33,0.125,0.25,0.625,,-0.011259842519684829
2025-04-22,4.41,4.33,0.125,0.25,0.625,,-0.011259842519684829
2025-04-22,4.41,4.33,0.0,0.0,1.0,,-0.011259842519684829
2025-04-22,4.41,4.33,0.0,0.0,1.0,,-0.011259842519684829
2025-04-23,4.4,4.33,0.25,0.0,0.75,,-0.08062992125984259
2025-05-03,4.33,4.33,0.0,0.333,0.667,,0.0014843749999999961
2025-05-09,4.37,4.33,0.1,0.5,0.4,,0.011249999999999982
2025-05-09,4.37,4.33,0.1,0.5,0.4,,0.011249999999999982
2025-05-09,4.37,4.33,0.1,0.5,0.4,,0.011249999999999982
2025-05-09,4.37,4.33,0.1,0.5,0.4,,0.011249999999999982
2025-05-09,4.37,4.33,0.143,0.238,0.619,,0.011249999999999982
2025-05-09,4.37,4.33,0.143,0.238,0.619,,0.011249999999999982
2025-05-09,4.37,4.33,0.143,0.238,0.619,,0.011249999999999982
2025-05-09,4.37,4.33,0.143,0.238,0.619,,0.011249999999999982
2025-05-09,4.37,4.33,0.1,0.1,0.8,,0.011249999999999982
2025-05-09,4.37,4.33,0.1,0.1,0.8,,0.011249999999999982
2025-05-09,4.37,4.33,0.1,0.1,0.8,,0.011249999999999982
2025-05-09,4.37,4.33,0.1,0.1,0.8,,0.011249999999999982
2025-05-09,4.37,4.33,0.0,0.583,0.417,,0.011249999999999982
2025-05-09,4.37,4.33,0.0,0.583,0.417,,0.011249999999999982
2025-05-09,4.37,4.33,0.0,0.583,0.417,,0.011249999999999982
2025-05-09,4.37,4.33,0.0,0.583,0.417,,0.011249999999999982
